1.7319283148324387;
1.8940616282592102;
1.979308030722961;
1.9855601213726948;
2.125289205439472;
2.2061681852210064;
2.3185702588082395;
2.352748221831482;
2.496030518218073;
2.45211374091701;
2.466839728046618;
2.485262228837005;
2.4891628997439215;
2.5037872000020864;
2.5501585285059423;
2.5588458835806946;
2.582473457647271;
2.5572649259511553;
2.5148734725437;
2.547570696634128;
2.554116670003589;
2.639681433935427;
2.7459430621998386;
2.754597386801398;
2.7335210119622473;
2.7279747327807704;
2.694051232478024;
2.619722066677556;
2.722522158689818;
2.7057621192269377;
2.723571479753542;
2.721578298470961;
2.723251873365639;
2.7425414896825986;
2.7379084653067705;
2.725944295547341;
2.7824304573757277;
2.7808894921390586;
2.7832983129263082;
2.8352069464764926;
2.837001644537807;
2.7917488224185187;
2.793461414738888;
2.8201275077993717;
2.795101893394996;
2.78828913992746;
2.8163228264112368;
2.7761072563679328;
2.795358813422662;
2.8515538262757842;
2.8773577368852155;
2.8408427930680094;
2.8378732546703933;
2.8902459202936184;
2.8365313204861695;
2.8172005040029053;
2.7993834528690993;
2.854642468996727;
2.873057899149548;
2.8412722695293837;
2.823375954116758;
2.873259271846968;
2.9054518366759727;
2.8717850958504845;
2.929441866348824;
2.9207226358200304;
2.948665020299621;
2.9006425994651064;
2.859577323714594;
2.881521824904778;
2.868998785490021;
2.8331934607297518;
2.8676033723225687;
2.919235032130598;
2.910702899233798;
2.9261045531243486;
2.9564961358010864;
2.8848868582421328;
2.9128467097148345;
2.90244939992924;
2.896147010361476;
2.926231514768221;
2.900764921595332;
2.8621458302457916;
2.9006999793440906;
2.8881052545106836;
2.902993547930193;
2.92470483181349;
2.935704830016349;
2.918935049821987;
2.9645436446379843;
2.9569072917341184;
2.9866767318663117;
2.969422970582478;
2.94916400267028;
2.97181153072908;
2.9509490617406637;
2.962291719039388;
2.932885835873603;
2.9495230603233273;
2.9607004875365694;
2.973608204169171;
3.000954881150479;
3.016723037614368;
2.966442677039874;
3.017861515694383;
2.988589250367622;
2.990659547770092;
2.9944450194844854;
2.9774566960227395;
3.02944616975612;
2.973043043281348;
2.9704265925209627;
2.9350607422337176;
2.9812633914757862;
2.9979420111542594;
3.018098567728709;
3.0264668321420194;
3.0220113282568337;
2.9650189085144834;
3.0040002201327036;
3.0011484885502187;
3.00952272779325;
2.9521921981864456;
2.9735571175090283;
3.0033284860961698;
2.9933893029919623;
3.010182760477538;
3.0074550235943605;
3.0415453767994904;
3.0638087931803977;
3.0650963174471055;
3.119602784857711;
3.063840702844745;
3.0524178653275755;
3.135817807539425;
3.1584047499785344;
3.1618004906115527;
3.13781858512882;
3.1603395029287444;
3.165551125513066;
3.1843664598718893;
3.239251842766801;
3.193301629912552;
3.2286379766247615;
3.176579128825407;
3.1836311122666006;
3.2172254463255685;
3.2062027229028875;
3.1980211912486967;
3.194755650060583;
3.1900119230126482;
3.189441844137417;
3.161688430093793;
3.183531852182007;
3.169286426448616;
3.1396523023860827;
3.1917526963737473;
3.1537953972390547;
3.1563699476968243;
3.150876370508713;
3.112546537454921;
3.1191927031458855;
3.126898345962628;
3.111359235491526;
3.1100844833423613;
3.1256108312056563;
3.1603685171036973;
3.1252939288263204;
3.053123127221047;
3.0566787255867944;
3.1296921240506044;
3.1675276313926606;
3.15494281163348;
3.1428529088344273;
3.140597613212701;
3.1535103500649075;
3.2055172896224535;
3.2202353285455456;
3.2183679902272835;
3.244036531703386;
3.189132409193821;
3.2110635381525885;
3.209442318002293;
3.175615644630977;
3.217065997566889;
3.2327187594216014;
3.2607932022056176;
3.289864734862207;
3.235582299443773;
3.1890094083002705;
3.1400634277544683;
3.193482592908853;
3.228175756803989;
3.1903350239299915;
3.198616495576874;
3.19146575240428;
3.2180979889504955;
3.211872469633313;
3.1863811443324024;
3.229360548128827;
3.1978106144053484;
3.1835715413267427;
3.1696643056549103;
3.2153570426279003;
3.2221872964645657;
3.226802045490817;
3.151584744109108;
3.160386560187349;
3.167318024695159;
3.147177922297213;
3.0981812835466345;
3.1382967388169276;
3.132078873911664;
3.0992707464240628;
3.0732570189862733;
3.03615902678105;
3.045912638163017;
3.067584295004787;
3.0686480725657126;
3.1267559641816365;
3.1083583387156613;
3.0865878184532907;
3.0308010725022734;
3.064777505313257;
3.0570280316458454;
3.0804350764726998;
3.05726773738911;
3.0213050641509023;
3.052526429661036;
3.1029292448863703;
3.0596795631097278;
3.088901938267135;
3.124042717991606;
3.110197960577273;
3.1235011372735517;
3.1113180156710123;
3.1332340076748055;
3.1542372639639287;
3.1260137537268595;
3.0812204191088606;
3.1409418068620667;
3.11532239539426;
3.1175560387634005;
3.1314967820034165;
3.0987198615225515;
3.077845691687291;
3.12610663094828;
3.101166386315138;
3.10008424793242;
3.113746940944242;
3.1342664500344553;
3.097051240564504;
3.1675668007881925;
3.140692275497038;
3.123511647245437;
3.1242160768756504;
3.0857818849815124;
3.0650425525879745;
3.0517940195735815;
3.0374047324827824;
3.0414707810974995;
3.0398024630038396;
2.9979742276309658;
2.9822220424900387;
3.023124212005732;
3.083175968112458;
3.1018103242742665;
3.1032963522137944;
3.130174851326102;
3.1059170767712927;
3.056490400095016;
3.082713954090077;
3.0525142073755758;
3.071778843751127;
3.0539752000291536;
3.014114959888179;
3.0477942120141335;
3.046115324916588;
3.038048158793951;
3.057441262146114;
3.061576631629482;
3.0682321665443837;
3.020385798996043;
3.06089230869805;
3.053654118279267;
3.068081036745559;
3.068943474196118;
3.0653274604935405;
3.095155256465736;
3.0716596992476433;
3.1066034365168855;
3.1296982996247666;
3.113693546365341;
3.080104339356676;
3.067317441529092;
3.0960924591834695;
3.1035657130107084;
3.051687122397078;
3.0907864888645964;
