6.564935540087695;
7.42573614909957;
8.11726159228371;
8.14914595209435;
8.307958648537376;
8.541365363741031;
8.76168680739353;
8.867084089897707;
8.950520462877114;
9.089138728687775;
9.132275111080153;
9.153388395411753;
9.136604407153547;
9.151960842477513;
9.134561951268655;
9.249453159485794;
9.371835014469555;
9.40356500409446;
9.434558089801792;
9.412135018311336;
9.468291433341598;
9.660563215457726;
9.692091574333082;
9.803019918618375;
9.894027548905568;
9.840880594020932;
9.859616730203472;
9.82092102670997;
10.018557143509552;
10.23211667868878;
10.244110493503998;
10.227947877627939;
10.152584181597975;
10.168452114219695;
10.122878293402334;
10.277887542836268;
10.274097368049093;
10.32416074500495;
10.252072624473096;
10.475002056048046;
10.613443396149156;
10.706550102689427;
10.738627662748359;
10.66074771093653;
10.73652494319783;
10.872914426342478;
10.947723391981825;
10.8961991027812;
10.987448299317437;
10.910133150423416;
10.965622678545827;
10.924542076269624;
10.918075821890625;
11.04371892228778;
11.076189424800301;
11.05800214074272;
10.981028484017028;
10.950214712217846;
11.016952679136157;
10.943938410186146;
10.935932007879968;
10.92273487314044;
10.884334200089214;
10.885688359835674;
10.868984725971693;
10.867041411571801;
10.792968174687202;
10.852740294922913;
10.87018531240609;
10.877475406704981;
10.824630565807508;
10.829974085420076;
10.73701432554151;
10.784417697646939;
10.777377354890307;
10.828375516492525;
10.81377859390267;
10.784911805414142;
10.797392483716418;
10.851078033070946;
10.853765401837128;
10.85099909142246;
10.883376066659412;
10.901468368070713;
10.868404674947755;
10.881838381854271;
10.887315089978934;
10.8763085140234;
10.888788361256768;
10.923476620380718;
10.915520441852886;
10.974598265662003;
10.923783504250606;
10.925267157574927;
10.893232997389923;
10.86512871210591;
10.957588922025645;
10.864906368551784;
10.808261022315836;
10.91444585847965;
10.886534999105256;
10.890956842329503;
10.942479978117412;
10.95512139707827;
10.928474115026438;
10.970405346172292;
10.942572387587784;
10.967079357060241;
11.017531852269457;
10.972416926038541;
10.985920082198888;
10.979807225460057;
10.94479047455211;
10.986887850702082;
10.956960860225946;
10.9731380718377;
11.019523119318388;
10.963193784564256;
10.974876472408253;
10.944608540413341;
10.891956944851062;
10.930496278531267;
10.951664196128913;
10.953866340740486;
10.892060452159829;
10.916603306008087;
10.975779529107475;
10.926746947386427;
10.888127485563306;
10.933932242814299;
10.93886541703014;
10.971615961847549;
10.990213506047734;
10.97958088640704;
11.022649098462582;
11.015153663161223;
11.001872112379106;
10.995677120671148;
10.962217094141057;
10.950740370101897;
10.985144925472934;
11.003997880507576;
10.991846486271266;
11.075150440152187;
11.037618409277787;
10.975683057640012;
11.045310534019952;
11.004762444475535;
11.051793937921628;
11.10552903097482;
10.993748074590657;
11.039305344423951;
10.99357823003326;
10.987415264626183;
11.02073229371538;
11.02664674686405;
11.094430387847233;
11.091787816761993;
11.034674466017924;
11.062990276899871;
11.035160622724861;
11.051022267304456;
11.06175620786178;
11.095939483609977;
11.104547134895935;
11.025810463559736;
10.97912907372929;
11.072975521925992;
11.074790314327137;
11.049287452702131;
11.005237658397212;
11.036145476222098;
10.96837666495227;
10.930610972010538;
10.96225013619432;
10.959066343357925;
10.959124025265739;
10.939059268643662;
10.952801524745865;
10.94545315807939;
10.934601617867541;
10.937796423940542;
10.98221626343249;
10.926832971210882;
10.957872547628584;
10.972569163320317;
10.976038941570007;
11.007358981705517;
10.968993133388778;
10.960021233014137;
11.054387709987873;
11.05229533308702;
11.024055395426428;
10.921014560447794;
11.015939581368896;
10.943971892735396;
10.921766417720415;
10.905549271902467;
11.041026289673608;
10.98314999129325;
10.963280702077643;
10.970760432230277;
10.994072977283452;
11.030763306357295;
10.998140548381018;
11.009982640186392;
11.03843002157034;
11.016509167652364;
11.043960387903102;
11.044090807551994;
11.028339555920649;
11.047175036734089;
11.037468879587696;
11.088698797313294;
11.079317980349135;
11.10181146906689;
11.15829837173526;
11.04997943021102;
11.088620561504113;
11.072298724318342;
11.08894932145468;
11.06149403239412;
11.06784699382754;
11.140092977255419;
11.15641635778041;
11.165390946883734;
11.2063932187073;
11.23090936781389;
11.267598601414683;
11.190857408627918;
11.182350822156119;
11.168156750157959;
11.179473905465775;
11.183826040559874;
11.157013144881576;
11.197926305085327;
11.19160209495574;
11.19679530185617;
11.232538293292302;
11.256863155496571;
11.26354401507427;
11.24048783007074;
11.291266978384517;
11.273791806320824;
11.332283076978305;
11.302744985027086;
11.320781320813275;
11.288427092189735;
11.307346449011527;
11.293797913216606;
11.270425849605752;
11.271086730581558;
11.228905866343267;
11.18391741046936;
11.15280309539312;
11.116277462088517;
11.139140431780875;
11.186123314589436;
11.133647713616577;
11.13911721173098;
11.176013547739343;
11.173353234212314;
11.203924753083204;
11.143003828779092;
11.150789265922295;
11.074789229050346;
11.13669740251302;
11.152962946353133;
11.151914924910487;
11.172455874526245;
11.172236956548275;
11.089739764471988;
11.15557852009139;
11.138512194851033;
11.156381220286514;
11.076717001932225;
11.101477321609265;
11.172973972472718;
11.146145162242766;
11.174722553525982;
11.143834535896223;
11.160463281870836;
11.134228041929585;
11.106280021446215;
11.09839333524197;
11.102009650109716;
11.1541318365147;
11.114834416412565;
11.139068414350564;
11.180475826316242;
11.151857218614051;
11.100000383111135;
11.095530706787041;
11.145214217881106;
11.057251084803429;
11.075794920549406;
11.147614917198291;
11.122460115259527;
11.153316978183192;
11.156384604933931;
