1.8127069636000501;
1.9992683693490778;
2.0035699525709405;
2.0973534449138156;
2.1069613816511903;
2.2115042737722144;
2.204812117331731;
2.241600096640588;
2.295661343844038;
2.3291477187107557;
2.367977837542678;
2.4814071583495148;
2.4533779863448313;
2.479073582144663;
2.4481661060102278;
2.448069254615254;
2.461837894228906;
2.441502433160003;
2.509528433317461;
2.4502721613122764;
2.5440012226819317;
2.494608878237483;
2.547750952167016;
2.574155700297968;
2.536132959423638;
2.5489255105705326;
2.574822053615884;
2.5313266348694583;
2.5708904326641813;
2.5499777902608898;
2.5912290825998068;
2.5964346421517726;
2.570246071786904;
2.5647854101463423;
2.54575360895344;
2.619482542672224;
2.6074693329691807;
2.6368772493703547;
2.676750816796498;
2.601990832138776;
2.5996886266024513;
2.5864308049917524;
2.616813296968006;
2.6226986374512706;
2.6254391271482858;
2.6786664739889563;
2.6601939498391767;
2.7246256916044236;
2.710325314252095;
2.7445932273395246;
2.68396549502055;
2.7605229452606137;
2.781399013738522;
2.773144371733344;
2.7241862128594407;
2.771206594329671;
2.7367717739847803;
2.7353521327605708;
2.7449904406908963;
2.8562660527235555;
2.7914434503598815;
2.8490598283573307;
2.822867738780707;
2.872862191128458;
2.878607562507305;
2.862571866283407;
2.8150708524912442;
2.846118991214811;
2.877086065575229;
2.8326915598057414;
2.830149433955475;
2.8841355153845054;
2.8484116236697483;
2.8457026187668375;
2.801828683106496;
2.895260971360715;
2.8893350923374825;
2.8545956987556047;
2.928740284316216;
2.928745382909345;
2.9416690062510398;
2.9308887254129683;
2.8949801360954432;
2.9557337852673284;
2.902960015784352;
2.9182291014339996;
2.891042792751974;
2.919417901146733;
2.8927120918053384;
2.976267176755969;
2.8987422477856035;
2.852027721630743;
2.970603821632175;
2.9371169692313206;
2.9999069487192123;
3.0114648552426777;
2.994293120034917;
2.901547638793974;
2.8612975483325367;
2.8928458551119682;
2.986787763570206;
3.0776887607078063;
3.0619258856981166;
3.0453972999975627;
3.036239559210293;
3.014633221614219;
3.01828543356131;
3.0024085518399826;
3.0270382743619817;
2.979094264502233;
3.0357193016517128;
2.9968070670329343;
2.995546071570493;
2.9658609500216393;
2.968119049242892;
2.946888576376334;
2.8643073996280606;
2.925358662360269;
2.9525401776490066;
2.94673355095077;
2.923431963740425;
2.919542569051547;
2.9400296896551703;
2.953785300861519;
2.9935317863013835;
3.017437048397211;
2.950157583078032;
2.9105599727439295;
2.9830417970017566;
2.9805230625415686;
2.889668702838576;
2.936883191341896;
2.9180667537434783;
2.9559368663556786;
2.9553456486444776;
2.9712551962447646;
2.9876120419877084;
2.9657289958257462;
2.9704061773907657;
3.0109236427340003;
3.034414739770818;
3.010907759864173;
3.0579605955294458;
2.955014796640585;
2.9913926022353534;
2.9659677308849326;
2.958372069883539;
3.0122239441178915;
3.0043179672186633;
3.0696938191293004;
3.0279730280207757;
3.0067973688066325;
3.0069867539924817;
3.028147135362128;
3.0607731467417483;
3.0668392879881137;
3.1097411982940097;
3.09257587868675;
3.123709451339617;
3.1212331621973792;
3.1023068565114698;
3.1362106560016874;
3.1417649643133836;
3.187028688299413;
3.2048126507828996;
3.2663977100927415;
3.171945185263823;
3.189052904269986;
3.1321459617198797;
3.1795390507820294;
3.1214216998183693;
3.1503591181281907;
3.0555301390051155;
3.1323412613205805;
3.138749881397954;
3.1260926131428857;
3.124947644938176;
3.115957693346819;
3.078701631110498;
3.1332186299090754;
3.0827907732713284;
3.0682608169742838;
3.087254642119207;
3.064539703705451;
3.0821126729010926;
3.06123936440482;
2.9956083078720694;
3.112545709198051;
3.0331922958725572;
3.0233900618436738;
3.0394780041833696;
2.9940443807230275;
3.023111681321216;
3.010574300426264;
3.0004304423787516;
3.0218369549917523;
3.0027266818101825;
3.0225999730826145;
3.0535788243012107;
3.045833108191924;
3.0711322965928747;
3.129346700185853;
3.1278023061846936;
3.1616714345353216;
3.132133437316111;
3.164947131701157;
3.137446814270619;
3.1809832171866135;
3.263528681634805;
3.229611640865971;
3.1103654788376276;
3.125208426777036;
3.155836791883305;
3.155342053950839;
3.132178377148923;
3.1064424056288913;
3.0809379955196032;
3.1072589943465556;
3.1065852176918614;
3.1081181366707784;
3.0640286407768067;
3.0956812034626062;
3.1013809817249016;
3.092931128585891;
3.121155834306976;
3.10473884116334;
3.0424888513228208;
3.0429456418079854;
3.055592528482459;
3.061636001013426;
3.0606765838723797;
3.051064180872553;
3.1094966631527754;
3.107198278896009;
3.0885033693351853;
3.076794419804395;
3.1438347089802168;
3.091093718423656;
3.0599786011336447;
3.015235706923605;
3.086182347786726;
3.1257057331920937;
3.0880874107670695;
3.120132117789422;
3.1051319844855185;
3.1072089598645265;
3.1224203458748327;
3.150631069841074;
3.110709177082605;
3.1402095951202242;
3.103452762296304;
3.1085890982587556;
3.120448990891942;
3.0816617160870203;
3.14292595214661;
3.127535253169442;
3.092447841553579;
3.0879084483472448;
3.05572677386429;
3.082609644380174;
3.071610327940515;
3.079560569266513;
3.120627664660149;
3.127420621167715;
3.073789811161153;
3.087022343183956;
3.0752042311904098;
3.086193184487826;
3.131407904113251;
3.159137754730601;
3.2052565289895174;
3.164227683522254;
3.1797848400433284;
3.1725565171163574;
3.1538058874520094;
3.258100590843926;
3.2292755172540217;
3.2178373600005443;
3.1913963816187643;
3.1723988530755585;
3.1552329131205386;
3.18036954256102;
3.157307848372858;
3.1495735225427115;
3.203299859213652;
3.164911367449526;
3.1909570775328056;
3.122577581505315;
3.1795644876275007;
3.2665262055603157;
3.2102961275960165;
3.1333317467031394;
3.1704980849371402;
3.1610304883630618;
3.1627836679466954;
3.161902874938112;
3.1923143745879674;
3.201614991491593;
3.1152221732113725;
3.1510275225828415;
