# avg	std	min	max
0.33217 0.09804 0.15834 0.42527
-0.00515 0.09268 -0.12525 0.11924
0.22245 0.03045 0.17230 0.25453
-0.14867 0.07165 -0.23556 -0.02127
-0.01398 0.14140 -0.21303 0.18109
-0.14507 0.04722 -0.19876 -0.07292
-0.15193 0.05659 -0.24867 -0.07793
0.00637 0.21623 -0.40928 0.16497
0.70894 0.03811 0.67556 0.78302
0.17404 0.10594 -0.03588 0.24400
0.18699 0.08881 0.06004 0.30910
0.10007 0.05850 0.01756 0.19584
-0.02126 0.02631 -0.05886 0.01286
0.22902 0.03844 0.17783 0.26928
0.15703 0.05487 0.11589 0.25508
0.10288 0.00980 0.08968 0.11431
-0.00917 0.01240 -0.02736 0.00847
-0.01677 0.04148 -0.07885 0.04105
0.01225 0.00405 0.00759 0.01761
-0.71572 0.10971 -0.90403 -0.59361
