# avg	std	min	max
1.25191 0.11708 1.06793 1.40650
0.41684 0.11188 0.25049 0.57778
0.04921 0.05419 0.00529 0.15335
-0.80779 0.06876 -0.88749 -0.71640
-0.85424 0.07219 -0.94994 -0.74541
-0.81835 0.07082 -0.92980 -0.73441
-0.68143 0.06407 -0.73123 -0.55478
-0.00761 0.15430 -0.27787 0.13870
1.71960 0.12987 1.51407 1.85784
0.89732 0.07425 0.77618 0.98472
0.62608 0.10581 0.47199 0.75474
0.26778 0.06647 0.18902 0.36660
-0.32487 0.12522 -0.49836 -0.11032
0.17759 0.27302 -0.11711 0.61592
-0.28628 0.23352 -0.72377 -0.07026
-0.05230 0.18862 -0.27463 0.24631
-0.62631 0.04484 -0.67662 -0.56356
-0.78661 0.35797 -1.18195 -0.26083
-0.06933 0.06622 -0.16580 -0.01593
0.51225 0.06630 0.44471 0.63918
