# avg	std	min	max
2.97174 0.13263 2.75623 3.16602
2.43505 0.22023 2.09943 2.71980
4.04255 0.13873 3.82832 4.23618
0.88621 0.13409 0.72280 1.04349
5.72808 0.16695 5.41647 5.87159
0.54224 0.03083 0.49329 0.58140
7.19576 0.50131 6.29225 7.81593
7.37621 1.08342 5.85160 8.88074
4.77576 0.05635 4.70116 4.85702
2.68173 0.07099 2.56100 2.76698
2.76460 0.13021 2.57960 2.94274
2.11871 0.08760 2.02620 2.28049
7.95888 0.33640 7.55314 8.53198
1.59226 0.05664 1.48510 1.64241
1.92465 0.17095 1.74929 2.18154
6.50387 0.36389 5.81033 6.78835
4.52746 0.10187 4.36667 4.64091
1.08220 0.13509 0.96286 1.34671
-0.00282 0.00000 -0.00282 -0.00282
4.44955 0.16572 4.16059 4.65355
