1.8927158622949505;
2.05981051580126;
2.1298186093709286;
2.2815688600067694;
2.3984887563410973;
2.452976264929635;
2.4893539154865607;
2.511384962326027;
2.4990619034698547;
2.570386168643581;
2.5376555117981243;
2.5288551767464584;
2.472257425324603;
2.630646150649083;
2.616230321703486;
2.652607238132905;
2.7362622768661007;
2.6679900006863617;
2.6668049470431754;
2.646050815935118;
2.656342514633865;
2.7410274482716623;
2.6941288564057833;
2.7112724633394056;
2.7777536784336516;
2.6946260202870524;
2.738452020634913;
2.780797152455916;
2.7950951622423887;
2.7910002271071166;
2.773193945631681;
2.7866680328815807;
2.8200117605142014;
2.7920072430253575;
2.766020338289865;
2.7709434452320245;
2.800945669665665;
2.873503078348312;
2.850730755383004;
2.8716566762833926;
2.8709976316570005;
2.877535535177571;
2.818780420000068;
2.8365060215235647;
2.8260094038256387;
2.8239494458833123;
2.7973922409212726;
2.7982158722142825;
2.792262431085854;
2.7795317372952124;
2.769446679474552;
2.772954152889835;
2.8421289534014087;
2.843907560139152;
2.8707981246301597;
2.8396705237676785;
2.8351385499312434;
2.8508444676920925;
2.868870840468714;
2.903728970940801;
2.897018544782823;
2.9482545061985865;
2.8868000830038203;
2.8846256900113008;
2.8980802563658092;
2.893532588773355;
2.820616095028387;
2.845914759308222;
2.860265535477925;
2.903901095332727;
2.8464459000161533;
2.7983760887540665;
2.771095998721639;
2.8302262406546737;
2.8265635662403863;
2.871247148785973;
2.873191751005484;
2.852534289546368;
2.82353899682879;
2.7842340467523865;
2.8209851396073993;
2.839465801813822;
2.830442057527565;
2.8147198690755646;
2.797225299442077;
2.84209608709032;
2.8658579923489227;
2.8388249600776976;
2.793251627983041;
2.8287024260599933;
2.8812946135557467;
2.8788187653912867;
2.8200144047921967;
2.8877293680523772;
2.87291776697849;
2.8820374777215334;
2.957009687293712;
2.9061113300866888;
2.9223059319606293;
2.949016070397752;
2.9682015304115863;
2.8918075169809545;
2.934051293449619;
2.9585984575267896;
2.9594578493851267;
2.9343707904656973;
2.9413518663423064;
2.962890983494186;
2.9787964251344285;
2.91526017113773;
2.9480845906091946;
2.9733441726813457;
2.9886365923085885;
2.996165160778546;
3.0008219028986627;
2.975357498097912;
3.0187484436721754;
2.965318422852493;
2.960885908348124;
3.0075770338193086;
2.9766387166009673;
3.048035066417516;
2.980893384598827;
3.023010599860518;
3.008675799943002;
3.0053117805004024;
3.053495041857292;
3.028134161789473;
3.0686169481519063;
3.0897778122925708;
3.0638656001912485;
3.0375628715048664;
2.968313671793803;
3.018842429436302;
3.0692167532447794;
3.0746414856377418;
3.0943343861669472;
3.1678983460444936;
3.1393276255434497;
3.1569807917377757;
3.1640189596907624;
3.208657638345951;
3.1823487495695417;
3.213642793195266;
3.2379077594059504;
3.237776777314826;
3.2448527050692535;
3.2893164777611665;
3.2463041414432943;
3.2723881290083607;
3.2474245318790076;
3.271645197452768;
3.281550575529805;
3.194638065063319;
3.2713506127917156;
3.3006686751243555;
3.241773682990254;
3.262143611974405;
3.2394765337906746;
3.227341615570438;
3.3193494364755356;
3.3632397930748166;
3.327735477858875;
3.310323078886011;
3.309053213011524;
3.270329534849856;
3.2998359289057557;
3.318902881284466;
3.277848530662891;
3.267935746169516;
3.254239466582833;
3.2828161945899716;
3.27534279725759;
3.306850895582568;
3.3165551272016582;
3.2606526544739647;
3.294182786159317;
3.2706077385621493;
3.2440159570493097;
3.1731059112310382;
3.2665677277148224;
3.278082640964486;
3.224995786183573;
3.238916285449544;
3.2463925529885667;
3.206186802072186;
3.186607059481736;
3.185985917329777;
3.177856539490117;
3.1919202333938332;
3.209693127933225;
3.169689508966939;
3.161512368534591;
3.132399895535018;
3.144026944999562;
3.197718928495105;
3.181155572451904;
3.204690848022626;
3.1499685612016424;
3.1597099610933816;
3.1167550781853484;
3.149004161193365;
3.147165195436844;
3.181931371173392;
3.198242639405249;
3.184091412732702;
3.1949416063126264;
3.194066841309918;
3.214843853015275;
3.228104020271774;
3.2290144274512333;
3.271471497473272;
3.2509281807588546;
3.261689080535737;
3.2098544937621503;
3.2513032615253032;
3.1881478079121277;
3.2189464659960043;
3.206208061028128;
3.220490987301894;
3.226379886775004;
3.2276449837590815;
3.208413168435057;
3.2618877005915525;
3.2647164487145277;
3.3214858948142627;
3.3671231706947093;
3.389264814685731;
3.401995427642056;
3.3610130627045978;
3.365756700758021;
3.309789160563937;
3.3549607081319075;
3.341080319724023;
3.3377617196374536;
3.2418265634807515;
3.238550518479234;
3.2676876679940836;
3.2866397088519355;
3.209927640821644;
3.2804006039783835;
3.268331455565339;
3.236993031968348;
3.267738845421191;
3.2279808232815146;
3.199469604585301;
3.1714287144538504;
3.1816040243886423;
3.150865909769716;
3.16765934257326;
3.210909905843087;
3.2336804085712636;
3.1777158510101136;
3.1749605345676373;
3.163447079807924;
3.1733007266024105;
3.1806530051956834;
3.2246960781749747;
3.209536497387866;
3.249693033171254;
3.2436292708267453;
3.2538861082241874;
3.221792272288398;
3.2266611844831417;
3.1872202325748837;
3.2597468649498285;
3.242079769493435;
3.2307171810099136;
3.258188823709066;
3.283305871588174;
3.277934017793901;
3.297699643021281;
3.290455517224745;
3.28399810771571;
3.1989194256400086;
3.2055861316320726;
3.178068274833648;
3.173665753379412;
3.2283486344065015;
3.2156729593533906;
3.2278574194743292;
3.1962001998798084;
3.203613581955289;
3.2232860074563217;
3.234137759706507;
3.2374414125250492;
3.2755775728701697;
3.2552843311248143;
3.2467276535210114;
3.2086003662093305;
3.206227023934799;
3.239555024268191;
3.2110509612071643;
3.2645976795139586;
3.2620831796524796;
3.277250879533041;
3.3102697160182855;
3.281068378056115;
3.2686893564206136;
3.2149181147624213;
