1.6763110148248654;
1.8759752433466057;
2.047660820765107;
2.018546886837759;
2.072724992098164;
2.1428197325312643;
2.2043558959943312;
2.266721539293656;
2.3349874974748945;
2.3054297336384386;
2.3093737684866045;
2.385552346858838;
2.4163388050390973;
2.4574409725232176;
2.488442572964829;
2.539268957808582;
2.5239066102715664;
2.5661327627148824;
2.5884119660286147;
2.598554387051347;
2.5635415402912236;
2.6017595188146068;
2.560681591678063;
2.601818733025868;
2.643306348590138;
2.6335691289650724;
2.6012681502434427;
2.633983810176231;
2.60908990178409;
2.6124841912489556;
2.5996302870367667;
2.6511696359550845;
2.584227028942265;
2.6719210885879345;
2.6335090213108483;
2.6706944503865215;
2.6932475868159407;
2.631141374857006;
2.7262150693353977;
2.686354893855781;
2.6628752060765013;
2.7732993292079304;
2.7183618506606617;
2.7057213213451643;
2.7241456461594975;
2.7576449816021893;
2.7548994556274096;
2.785605108800037;
2.782961006004344;
2.8057618744205985;
2.747109402087641;
2.8394159846112985;
2.7901240668609346;
2.8184134303248074;
2.7944097911151284;
2.826790425916695;
2.814610626725912;
2.8056361721817127;
2.8154526379544227;
2.839218406849348;
2.7886387516040867;
2.885996469166262;
2.832263142101816;
2.847831822039798;
2.8571605665682993;
2.7908057943128304;
2.777640663195845;
2.7739410332531382;
2.7914122788629405;
2.8160460357375476;
2.8323189184814215;
2.875202284591781;
2.8753946083256046;
2.8827089270338484;
2.907171510724754;
2.8988156073069766;
2.915196118288424;
2.8964675870947705;
2.8769474720742596;
2.880245213547935;
2.9066370187233805;
2.874841330171215;
2.918191023941665;
2.86628409787453;
2.919203719647337;
2.933881125286867;
2.9055368847862875;
2.9184309657400456;
2.9181221381306575;
2.9193268532536623;
2.949139827194065;
2.956299197718978;
2.960145639315373;
2.9246645516957748;
2.9193133521365;
2.9609357864278616;
2.9630474700749527;
2.952328112676781;
2.936412630419509;
2.9660214473010074;
2.971189831217218;
2.977815889091253;
2.9923453056407516;
2.9995528210180233;
2.993185861073681;
2.9972945103618414;
2.9915913478037064;
3.0217221370855434;
3.0284513685699177;
2.9712044781542697;
2.9605730187541357;
2.9444743230128907;
2.9403110608358256;
2.8960593918002364;
2.881984239300646;
2.879560365023599;
2.9027232378982784;
2.8846223368052093;
2.9247026114087804;
2.940650789271504;
2.950882206605868;
2.9507774602253773;
2.9444192893962846;
2.9776685066326656;
2.9631065827371637;
2.951788773960395;
2.9368632772843726;
2.945150071533811;
2.957000473783896;
2.9577904072545222;
2.9188470647294307;
2.9457949135532013;
3.0077928650410986;
2.9458689550096486;
2.9578100546221857;
2.9719802229819328;
2.9752470226209273;
3.0019693366399656;
2.959892072951483;
2.933328585655876;
2.964632401505073;
2.963340205871995;
2.9974647473798073;
3.014782282653127;
3.0412978158676185;
3.0198547301019074;
3.0366328979957142;
3.0246297018620942;
3.0645590284766877;
3.053635842127356;
3.0648777719447957;
3.0228452391855805;
2.9995144778486105;
3.008090130562845;
3.000046000939288;
2.9732848555438;
3.011879561212199;
3.032144298051574;
3.042311508273362;
3.0363022708371883;
3.0592453557671595;
3.0880775922824144;
3.04337661168965;
3.101753269091241;
3.0704355314430627;
3.0896986820300114;
3.080047223509492;
3.0643780589740004;
3.0228757265455357;
3.046315973144384;
3.0467061044019803;
3.0312079833390206;
3.0330147287256013;
2.982843826635356;
2.9670062918015963;
2.9509473579219545;
2.975379258093283;
2.9744303229772524;
3.0233678698839217;
2.9823276829295695;
2.9978770024036496;
2.9994858535620894;
2.9496342739058363;
2.9771399746687144;
2.9654353344250586;
2.9538760159534805;
2.9319569137190356;
2.943979605231511;
2.948800655252243;
2.9164706732940515;
2.9709727034382407;
2.9685625778709475;
2.9964261677040307;
3.0356159616013545;
3.0445126816035155;
3.021200436369454;
3.0218405516519327;
3.0112370922788867;
3.012269427733215;
3.0048057239136026;
2.995866588840766;
3.047014121775043;
3.029814064668848;
3.053645130212137;
3.0378529901455793;
3.0626471795140677;
2.9799678185012555;
3.0162371843454436;
2.994859274579482;
2.974983796683472;
3.0077889190510954;
2.955344638317196;
3.005503958823354;
3.0096027385723763;
2.9714973176168438;
2.970417712741767;
3.0086291889845147;
2.977295608850223;
2.9596910916980437;
2.9901019990359576;
2.9869535824534634;
2.9825260546516468;
3.0017268303176357;
2.961157202729052;
2.977343856898389;
2.9962134525983015;
2.998047776819737;
3.0192043471234027;
2.9597787015557375;
2.983966328589662;
2.969035106491978;
2.955561039438972;
2.942380212825233;
2.9967402000919043;
3.0203425965264836;
2.992527999110836;
3.031423799452322;
3.045095716700023;
3.0108713044855313;
3.0026308883861;
2.9918860509763494;
2.959727521983246;
2.96867745915217;
2.9903963855241824;
3.025611922027889;
2.9328294112973516;
2.940462405318528;
2.9508489107092815;
2.9775835465627956;
2.969438445716407;
2.9378184587268343;
2.9401233168005927;
2.9491199099964156;
2.9464896092779593;
2.9569452515308394;
2.967997478277306;
2.979697941929592;
2.9792425194682437;
2.9637771284918424;
2.987235703887468;
3.0203637222155537;
2.98734666603388;
2.9620587215822125;
2.939970586406123;
2.9285928953067346;
2.9937844885149434;
2.9885136338432363;
2.996113861888322;
3.0147333299317998;
3.021582515335557;
2.9843863684773395;
2.9620680696531165;
2.9773204686740677;
3.025538464455819;
3.0107949962453797;
3.000232271473003;
2.998470912071145;
2.956464512188034;
2.985437628469965;
3.002690661033832;
3.0228666531530277;
3.026967168402442;
3.0106566460666526;
3.041342689804987;
3.05276929081564;
3.060735999428909;
3.0516648017809618;
3.0019430534174054;
3.0511476227127803;
3.0683425117394774;
2.9855622092859524;
3.0141819326656956;
3.0496096415359895;
2.9870027955507434;
2.981715761177266;
3.0197968392795906;
3.0101818742495148;
3.03604751110386;
3.029835862054417;
3.035275990958625;
