# avg	std	min	max
1.50170 0.00000 1.50170 1.50170
0.00000 0.00000 0.00000 0.00000
2.42779 0.00000 2.42779 2.42779
4.30835 0.00000 4.30835 4.30835
3.82612 0.00000 3.82612 3.82612
2.17837 0.00000 2.17837 2.17837
3.26779 0.00000 3.26779 3.26779
4.95362 0.00000 4.95362 4.95362
-2.06724 0.00000 -2.06724 -2.06724
0.57528 0.00000 0.57528 0.57528
1.48348 0.00000 1.48348 1.48348
1.02774 0.00000 1.02774 1.02774
4.90227 0.00000 4.90227 4.90227
3.71148 0.00000 3.71148 3.71148
2.22605 0.00000 2.22605 2.22605
2.73972 0.00000 2.73972 2.73972
2.01821 0.00000 2.01821 2.01821
1.96936 0.00000 1.96936 1.96936
2.90318 0.00000 2.90318 2.90318
7.02568 0.00000 7.02568 7.02568
