# avg	std	min	max
0.33217 0.00000 0.33217 0.33217
-0.00515 0.00000 -0.00515 -0.00515
0.22245 0.00000 0.22245 0.22245
-0.14867 0.00000 -0.14867 -0.14867
-0.01398 0.00000 -0.01398 -0.01398
-0.14507 0.00000 -0.14507 -0.14507
-0.15193 0.00000 -0.15193 -0.15193
0.00637 0.00000 0.00637 0.00637
0.70894 0.00000 0.70894 0.70894
0.17404 0.00000 0.17404 0.17404
0.18699 0.00000 0.18699 0.18699
0.10007 0.00000 0.10007 0.10007
-0.02126 0.00000 -0.02126 -0.02126
0.22902 0.00000 0.22902 0.22902
0.15703 0.00000 0.15703 0.15703
0.10288 0.00000 0.10288 0.10288
-0.00917 0.00000 -0.00917 -0.00917
-0.01677 0.00000 -0.01677 -0.01677
0.01225 0.00000 0.01225 0.01225
-0.71572 0.00000 -0.71572 -0.71572
