# avg	std	min	max
1.25191 0.00000 1.25191 1.25191
0.41684 0.00000 0.41684 0.41684
0.04921 0.00000 0.04921 0.04921
-0.80779 0.00000 -0.80779 -0.80779
-0.85424 0.00000 -0.85424 -0.85424
-0.81835 0.00000 -0.81835 -0.81835
-0.68143 0.00000 -0.68143 -0.68143
-0.00761 0.00000 -0.00761 -0.00761
1.71960 0.00000 1.71960 1.71960
0.89732 0.00000 0.89732 0.89732
0.62608 0.00000 0.62608 0.62608
0.26778 0.00000 0.26778 0.26778
-0.32487 0.00000 -0.32487 -0.32487
0.17759 0.00000 0.17759 0.17759
-0.28628 0.00000 -0.28628 -0.28628
-0.05230 0.00000 -0.05230 -0.05230
-0.62631 0.00000 -0.62631 -0.62631
-0.78661 0.00000 -0.78661 -0.78661
-0.06933 0.00000 -0.06933 -0.06933
0.51225 0.00000 0.51225 0.51225
