# avg	std	min	max
2.97174 0.00000 2.97174 2.97174
2.43505 0.00000 2.43505 2.43505
4.04255 0.00000 4.04255 4.04255
0.88621 0.00000 0.88621 0.88621
5.72808 0.00000 5.72808 5.72808
0.54224 0.00000 0.54224 0.54224
7.19576 0.00000 7.19576 7.19576
7.37621 0.00000 7.37621 7.37621
4.77576 0.00000 4.77576 4.77576
2.68173 0.00000 2.68173 2.68173
2.76460 0.00000 2.76460 2.76460
2.11871 0.00000 2.11871 2.11871
7.95888 0.00000 7.95888 7.95888
1.59226 0.00000 1.59226 1.59226
1.92465 0.00000 1.92465 1.92465
6.50387 0.00000 6.50387 6.50387
4.52746 0.00000 4.52746 4.52746
1.08220 0.00000 1.08220 1.08220
-0.00282 0.00000 -0.00282 -0.00282
4.44955 0.00000 4.44955 4.44955
