1.7657040965202908;
1.950355356586908;
2.0795239183734218;
2.086616635397151;
2.1433630201098386;
2.1451131300377275;
2.213314957430775;
2.265937415793941;
2.308335641802403;
2.3429635899275754;
2.215344235053831;
2.2189289719498086;
2.1320373261779753;
2.1879023089021477;
2.285265560053161;
2.369781803839186;
2.4540816617527152;
2.434040151697625;
2.454922275353693;
2.322545485124165;
2.3273616119801193;
2.326788849578848;
2.3345467145711716;
2.3339296923495563;
2.3209003215806607;
2.441681397092441;
2.499847923773724;
2.4248949934241724;
2.449911305497649;
2.4761624149635844;
2.433834688396494;
2.406451518393243;
2.4561491588959123;
2.426913095917521;
2.4564404462953426;
2.543300245953159;
2.545026173973213;
2.549695547474638;
2.5748868345908114;
2.612305575586396;
2.561330405275282;
2.601257001998469;
2.539784489390954;
2.5991644070165827;
2.6805948963018804;
2.6383082996004696;
2.647620125974404;
2.6235457825535886;
2.624244092384349;
2.6664054938669417;
2.641262299437573;
2.642285531672399;
2.559857966294157;
2.5574499915908357;
2.582870834953192;
2.6139725942206216;
2.666753683760215;
2.611366494954578;
2.5981996132633842;
2.6053094859872563;
2.621439961054962;
2.6476467437083944;
2.646505440234039;
2.672555993212028;
2.6988909532605274;
2.6873428877215995;
2.6506211380381792;
2.6530999849448373;
2.686521537367568;
2.7162399839728426;
2.7772466925515773;
2.7481222243990606;
2.667483420945808;
2.6885324858244712;
2.7324380052759394;
2.6443825668143672;
2.621181269562537;
2.6733703276422367;
2.638895443938445;
2.6571061464033017;
2.6152271162648035;
2.5662662505209237;
2.6302146544027254;
2.616147170914964;
2.6181277139178496;
2.6557268226922295;
2.638652234242359;
2.656128808827454;
2.604595677060814;
2.6224664271814384;
2.6159127057375935;
2.7543063121627216;
2.7270946392992195;
2.7038206048509963;
2.7165050621170126;
2.678090484646089;
2.64432699435573;
2.714492095589817;
2.6884548483713084;
2.6467614169782068;
2.6403929108146245;
2.5782073703277097;
2.566495956249339;
2.5758897932866045;
2.5571751171812904;
2.542153543192175;
2.5907977962912194;
2.5405983472615756;
2.590723398559742;
2.5602608713278454;
2.6606457257689784;
2.650017959869966;
2.643963419179969;
2.6683445459366664;
2.6307685322433834;
2.654854449024375;
2.6798239211520563;
2.656854240341548;
2.679098505150504;
2.681144474957388;
2.739284119306814;
2.6602406819284514;
2.6707901090777093;
2.667297490513013;
2.6946903511456384;
2.718159711022783;
2.6211057816970333;
2.6940126938798565;
2.6199290636262673;
2.7174271319451444;
2.7103098150954548;
2.6685810216236447;
2.673473892441922;
2.6151874690523025;
2.5560640942272155;
2.6258446936423607;
2.600753642490954;
2.628615262982517;
2.6402972517396406;
2.7115362566177006;
2.682253637384316;
2.7246619323234538;
2.7626405515637127;
2.7231381222607363;
2.7269573310170196;
2.7244508200944555;
2.727186289329025;
2.7177829148173362;
2.7588078565220227;
2.75559372678246;
2.730126225773486;
2.6984683342012676;
2.744329531452209;
2.7544346458453144;
2.735924382820917;
2.7338354392360453;
2.7674671107794584;
2.727153632824321;
2.731222049608344;
2.646288449133174;
2.687007295669066;
2.7423255830021893;
2.793066772222689;
2.706404405442499;
2.7442439451966414;
2.737653916879362;
2.7539592407305107;
2.7464762853299174;
2.7008612017516347;
2.7063780055536233;
2.753821913353907;
2.762242579182612;
2.7451551883514624;
2.7589803938002824;
2.7529622864553014;
2.7551529191229642;
2.7441269927456617;
2.787593746695307;
2.77135581503244;
2.7706313149181994;
2.8463058422900995;
2.8504718799695463;
2.881658167222265;
2.8536112501679356;
2.8189215688729177;
2.840028807482676;
2.8815093322169676;
2.8642969432697534;
2.838818584119869;
2.8310630748950434;
2.8125032477267444;
2.7929604838318016;
2.843078804700755;
2.8770728812071282;
2.8071235348597208;
2.7221831218646426;
2.775596884079873;
2.766759448164112;
2.7862785847038563;
2.7863525741954294;
2.809506594717181;
2.750129053066533;
2.839984284221699;
2.8429698282875915;
2.8254749785023057;
2.847680756312639;
2.875706249413232;
2.833601204824522;
2.810564223620302;
2.83750945772548;
2.84303083201977;
2.848206456798788;
2.861655789251179;
2.8879177661071913;
2.8766703931887023;
2.8336483427568004;
2.8950959079574106;
2.8929861608352003;
2.9016383771904386;
2.903915343039133;
2.8986277104558873;
2.9167778168059737;
2.8973349467903144;
2.902621851985417;
2.8369488949518757;
2.8588005099472236;
2.867456382764113;
2.8870252592275123;
2.881651385508382;
2.942979429003372;
2.8968032515504203;
2.8938599575447452;
2.918760640082287;
2.9539487350233924;
2.9787956518546235;
2.930704086083075;
2.883733933442677;
2.8833933833019256;
2.92017220723235;
2.92857266802376;
2.903091572951873;
2.915197305856112;
2.8892569251275058;
2.8903182406490355;
2.919370705466115;
2.8966768170482124;
2.8683015232424287;
2.857533276146667;
2.881768089709649;
2.8680673318855936;
2.8780810672292265;
2.8353948257315365;
2.8240262180443296;
2.8731914585790252;
2.8203050331140624;
2.8600004056516033;
2.915269711908825;
2.9359705244897456;
2.9251313825460836;
2.8850213334161805;
2.881618938520985;
2.8550170036932236;
2.8730636358109845;
2.8838671581340423;
2.8461741106365306;
2.8787317400654167;
2.8071455922858757;
2.8620392673364123;
2.8280843923375736;
2.8062146950457603;
2.8409467101295456;
2.8559643526494836;
2.920868910969209;
2.90391598589152;
2.93079497350928;
2.9040498556461576;
2.925562450505028;
2.976853043319064;
3.0030552946081626;
2.9770375840163363;
2.985897171067737;
3.0000184379747754;
2.9503628066955483;
2.917340936040283;
2.935213611151313;
2.908367354832309;
2.8828256271043644;
2.8806567060162593;
2.854896295347649;
2.8614431832118057;
2.8538286207490398;
2.8248439388333093;
2.832246135862331;
2.8297019931904583;
2.8240992365242557;
2.811064434262541;
2.815584221245156;
2.854262707109786;
2.837400719459284;
2.826485267117909;
