# avg	std	min	max
1.50170 0.00035 1.50107 1.50205
0.00000 0.00000 0.00000 0.00000
2.42779 0.42835 1.97925 3.02573
4.30835 1.44632 2.65256 6.40687
3.82612 0.67532 3.04606 5.00258
2.17837 0.91779 1.04239 3.56816
3.26779 0.41964 2.76792 3.81134
4.95362 1.81539 2.86781 7.41252
-2.06724 0.00182 -2.06865 -2.06365
0.57528 0.00041 0.57485 0.57580
1.48348 0.00437 1.47734 1.48946
1.02774 0.06601 0.92013 1.10555
4.90227 1.91307 3.18549 8.42981
3.71148 0.03731 3.66659 3.77397
2.22605 0.42687 1.40642 2.60138
2.73972 0.09157 2.63363 2.86538
2.01821 0.14042 1.77725 2.19762
1.96936 0.48822 1.08229 2.54112
2.90318 1.08995 1.64274 4.92720
7.02568 1.74869 3.95545 8.55700
