1.6822151470738633;
1.877345139785463;
1.97814179857789;
2.0233422830086827;
2.0259453734826978;
2.17210972581523;
2.2573861833255635;
2.3010700788685434;
2.2776320267343384;
2.3170795566804014;
2.413836811166003;
2.4184386537614446;
2.4403942655554474;
2.39988947650325;
2.4230606818443077;
2.3998025120461097;
2.417213140124837;
2.447240336403416;
2.397910681090596;
2.4466329102923443;
2.4255894078798357;
2.494134564132257;
2.546525208208558;
2.440444558007014;
2.403203494476985;
2.540579578830649;
2.532871411555872;
2.4796008028627528;
2.5178344475256624;
2.4834319687677215;
2.4261333130557383;
2.422387283765792;
2.373161784211438;
2.417052757401037;
2.459561782012935;
2.4842610549732798;
2.519507918604817;
2.5414642433396404;
2.4963238465025888;
2.500155669633072;
2.516767534342457;
2.597294568413599;
2.6009832029653324;
2.5736081672739983;
2.610661029636363;
2.6423144480487437;
2.6511870553822168;
2.630127808165083;
2.651655037221796;
2.686010284637614;
2.7188570711357807;
2.6572634222981852;
2.6800080294753448;
2.673284847876304;
2.645534104056499;
2.6786129394906775;
2.6783086244085488;
2.725068934817358;
2.708450508217742;
2.646272766359754;
2.699202086176079;
2.6709340387897202;
2.709797917353353;
2.7034037341990316;
2.647144285725947;
2.6682024922109586;
2.6462069309634693;
2.6739756389069087;
2.7288248857852726;
2.730767454225615;
2.7234227247797778;
2.717152822570344;
2.698481200008672;
2.666871466980674;
2.740953806737082;
2.7088552075032863;
2.701587118809868;
2.689934741937187;
2.721078496076711;
2.76554525282343;
2.750786513073526;
2.7244741664342538;
2.7641985936385716;
2.739966207228359;
2.748307441210541;
2.705392022335667;
2.7038287839574426;
2.6921526817227543;
2.7505032953488504;
2.7132674245912978;
2.7019136245228514;
2.714315136129504;
2.697917207577118;
2.6703312532943206;
2.702013301005937;
2.7873366545518183;
2.8044023847357495;
2.7611459262633136;
2.753091900017371;
2.7467498601438485;
2.7777607982625905;
2.797777846450095;
2.7930855014800464;
2.8139071601151797;
2.770584157281678;
2.7853765778013213;
2.7818566344544076;
2.795662858436732;
2.8069919602618354;
2.78685728186157;
2.7983486794293477;
2.735454744391853;
2.787938793193594;
2.808400712178523;
2.777989604413388;
2.8388654417464694;
2.8301852132077885;
2.806136969436498;
2.8210358239018762;
2.783750936902492;
2.7402713232809797;
2.758288280807076;
2.733372091282053;
2.7786446094752266;
2.791620127674729;
2.759929008368261;
2.784010693046032;
2.7423359500527313;
2.840499141178037;
2.8297726894116852;
2.8416205252424196;
2.830371547094859;
2.8436029477139653;
2.8455829338333305;
2.8459582784282924;
2.893796850493365;
2.9214766299708925;
2.8520985074750933;
2.8372321861865433;
2.870149288931702;
2.9342193641973706;
2.8699596533976024;
2.8310800388531643;
2.865271047979082;
2.840602178207486;
2.8346455328045;
2.8181618281851493;
2.7582916202051933;
2.796746010182921;
2.8444080213897545;
2.8079634557252557;
2.828030331122662;
2.804673557330829;
2.8321657057375726;
2.854458443840587;
2.8331003302745748;
2.839667132673015;
2.8822104932311783;
2.82349403402885;
2.868805584710684;
2.805033864371285;
2.8603638528769846;
2.8599675584870474;
2.9273409698352086;
2.9477026567777456;
2.9372625641479937;
2.939941430541632;
2.9006420375774975;
2.8590855730221127;
2.922854315715701;
2.9041021516035705;
2.9626930059897987;
2.9566662529819094;
3.101564177544453;
3.0205833918114036;
2.989040127903402;
2.9824993198735767;
2.9951432686841972;
3.0303179985027078;
3.105735932853722;
3.112206611897892;
3.057195235069071;
3.067746566577685;
3.0234107287695817;
3.0298948988189727;
2.9870649546801995;
3.0282370699339634;
3.0611756585399568;
3.0409324983274004;
3.0236044865024856;
3.0470159128615033;
3.0766810412389205;
3.0135252985559733;
3.0285475521714775;
3.0263220017823906;
2.9875975482794246;
3.0179462593134296;
2.964428506682849;
2.994426277850693;
3.012966741735069;
3.0069685690393992;
2.994089847272466;
2.968385563775247;
2.941730630999712;
3.0393634505621705;
3.0648246410115667;
3.0722160775864205;
3.0550700147042567;
3.042638775868397;
3.0393100194095135;
2.997624325738924;
2.9909383416300233;
3.0318263588892123;
3.0410256193999206;
3.061331288906198;
3.0156468159921794;
3.076151979551843;
3.084293018339276;
3.0332117797287728;
3.0084575566592417;
2.992653746172798;
2.994147069920335;
2.94558194771786;
2.983578827575242;
2.9968435165632323;
3.0207508036361723;
2.990447439148385;
3.028469842152601;
2.9300023377595097;
2.959194108947042;
2.9655812057407758;
2.9094898573934547;
2.894306356657798;
2.8900682014521766;
2.93902116934275;
2.915729949541988;
2.97945958878744;
2.8994467475954577;
2.9250600204032793;
3.0181946481748008;
2.997986346153508;
3.0208813235476284;
3.0382992414160244;
3.080606688366543;
3.064102708505435;
3.052405673726517;
3.033077225836569;
3.0759324441356983;
3.0501278208184583;
3.0900519561826676;
3.0874007964253347;
3.094085580331644;
3.0783468371496268;
3.1103270287336247;
3.0925415049468272;
3.035123928753351;
3.081449748533199;
3.0822705308670386;
3.080532463749859;
3.100098897032028;
3.0740729119333654;
3.0767933429184255;
3.0864860373341436;
3.090825045619555;
3.0564023152210185;
3.0666891701259726;
3.0027767371222547;
3.013198679031451;
3.049400286667255;
3.0865222291620595;
3.068255090586592;
3.0997108506192235;
3.1229379530795622;
3.099666428381768;
3.126571336618391;
3.1613390283670753;
3.1228557253001212;
3.136779015551347;
3.1289488876686886;
3.0642614005507554;
3.0868648363120905;
3.0762714974514562;
3.1133705605910293;
3.0874706084228913;
3.108844784814108;
3.084205403105039;
3.0796886196629014;
3.061990287459585;
3.098280374814925;
3.1024947664082827;
3.038793963010234;
3.039840201583379;
3.0451974620434843;
3.049473256428631;
3.068095816617299;
3.0827020987198788;
3.1218315703334305;
3.098480398093777;
3.1046509709522643;
3.1615962558225745;
